 1.093326e+01  2.003197e+01  1.941043e+01  1.927910e+01  1.902606e+01  2.066634e+01  1.951620e+01  1.905341e+01  1.953734e+01   2.04782319069   0.79495136956   2.75191247305   7.59535408020  -2.88238954544   4.25050020218   0.01420705795   0.05093214858   0.00279295824 10278.07714843750  -0.21486053220 
 1.098968e+01  2.219443e+01  2.161647e+01  2.155913e+01  2.124879e+01  2.285044e+01  2.187550e+01  2.138916e+01  2.171234e+01   2.04619932175   3.87103347485   4.00924229758   2.14191794395  -0.35581111908   3.79577636719   0.16238450907   0.40714023729   0.18431330349 182.81594848633  -0.07657821863 
 9.036561e+00  1.908813e+01  1.840693e+01  1.830552e+01  1.810426e+01  1.916361e+01  1.809606e+01  1.794600e+01  1.881228e+01   0.31934374571   2.46301700241   1.16731631127   1.92384958267   1.75567865372  -8.78763961792   0.01520983608   0.07068944633   0.00520468089 3252.78906250000   0.07870894595 
 1.159154e+01  2.038179e+01  1.966145e+01  1.944514e+01  1.916427e+01  2.012222e+01  1.928460e+01  1.890552e+01  1.968578e+01   0.18309742212   6.41288383220   3.62618864440   3.51785540581  -1.34981691837 -15.72472286224   0.04609695027   0.08169331854   0.00875780458 2554.63354492188   0.55030194157 
 7.030587e+00  2.129685e+01  2.053121e+01  2.031133e+01  2.008537e+01  2.224298e+01  2.118981e+01  2.064589e+01  2.037957e+01   1.36916041374   5.40195791088   0.83656621603  11.07623863220   4.26053142548  -2.62866783142   0.04160016022   0.21913227980   0.04876874165 237.09352111816  -0.23943272356 
 9.234955e+00  2.161058e+01  2.080924e+01  2.063075e+01  2.017360e+01  2.168761e+01  2.101689e+01  2.041563e+01  2.100052e+01   2.88503456116   3.67188337044   3.16381402811   5.51408386230  -0.89391648769   3.78334403038   0.13786218602   0.21162627562   0.06242023468 346.47232055664  -1.22075388717 
 1.196096e+01  1.901947e+01  1.827588e+01  1.813860e+01  1.804190e+01  1.990243e+01  1.887806e+01  1.828074e+01  1.864489e+01   2.96064805984   0.28153118784   0.49679143768   7.08990669250   3.81622314453   9.24278163910   0.01932443529   0.04185531838   0.00212158483 4661.15478515625  -0.00383461644 
 1.014298e+01  2.264342e+01  2.192071e+01  2.168710e+01  2.155375e+01  2.311001e+01  2.220531e+01  2.184158e+01  2.214699e+01   2.20361876488   1.10386105755   6.14906497767  -5.01556921005   8.74179649353   1.30602717400   0.13667505645   0.66674470736   0.62966512885  24.01799392700   5.07590872148 
 1.280649e+01  2.084105e+01  2.015321e+01  1.992385e+01  1.947761e+01  2.131194e+01  2.058344e+01  2.023912e+01  2.067103e+01   0.50300163031  -0.56412770774   6.10947246915  10.37955093384  -5.51094102859  -4.73031616211   0.07933714922   0.15866444274   0.03082957818 1132.52648925781   0.43649266242 
 1.000000e+30  0.000000e+00  0.000000e+00  0.000000e+00  0.000000e+00  0.000000e+00  0.000000e+00  0.000000e+00  0.000000e+00   0.00000000000   0.00000000000   0.00000000000   0.00000000000   0.00000000000   0.00000000000   0.00000000000   0.00000000000   0.00000000000   0.00000000000   0.00000000000 
 1.410336e+01  2.264799e+01  2.190912e+01  2.174019e+01  2.139682e+01  2.285218e+01  2.168949e+01  2.128498e+01  2.224727e+01   0.27414110303   3.40055902056   6.15384144031  -2.60024070740  -8.38809013367  -0.64376235008   0.38416155467   0.68796352725   0.43930736042  97.09849548340  -0.39686039593 
 1.236207e+01  2.198954e+01  2.123639e+01  2.100492e+01  2.054666e+01  2.266779e+01  2.156971e+01  2.090007e+01  2.000824e+01   1.59824228287   1.53688246834   4.72595699551  -3.28180265427  -4.18527984619  -8.60177326202   0.10103603421   0.37872077775   0.56916869041  18.34287452698   4.78739936759 
 9.023820e+00  2.242504e+01  2.181330e+01  2.159801e+01  2.125135e+01  2.279307e+01  2.183868e+01  2.126383e+01  2.181602e+01   0.91852980852   6.00557036274   5.97644420214  -4.30458116531   6.82325744629  -7.85753202438   0.14461206126   0.46328511058   0.24853294211 108.17986297607  -0.25330955534 
 9.186378e+00  2.190700e+01  2.113322e+01  2.091976e+01  2.059257e+01  2.189761e+01  2.115036e+01  2.059312e+01  2.151238e+01   0.49275171757   5.20442829838   4.07850549993  -9.08559036255   0.47910094261   0.08731245995   0.07628969628   0.31454598198   0.53051894444  30.12663078308   4.64760076252 
 7.764339e+00  2.110208e+01  2.030463e+01  2.009807e+01  1.943640e+01  2.100475e+01  2.028884e+01  1.991920e+01  2.007749e+01   1.40720582008   3.11301196247   0.97901736076   2.68332004547  -2.87547540665  -3.54110598564   0.10144816582   0.30541019924   0.96636846858  27.98625755310   4.19759311732 
 8.134121e+00  2.167911e+01  2.095089e+01  2.074556e+01  2.043780e+01  2.172997e+01  2.101257e+01  2.063927e+01  2.062148e+01   2.68200445175   3.35186299519   0.12985536155  -7.28431415558  -5.62769794464  -5.18415021896   0.05442333074   0.35879253366   0.12434439685 102.75238800049  -0.07611800646 
 1.188516e+01  2.129042e+01  2.050703e+01  2.030704e+01  1.972567e+01  2.209454e+01  2.102844e+01  2.052005e+01  2.050884e+01   1.43699109554   4.35169002623   1.05849140360  -5.39337444305   0.18176317215   4.70620059967   0.05870154455   0.19148099652   0.21996017700  15.26086902618   3.48698999959 
 7.360090e+00  2.016803e+01  1.933817e+01  1.909031e+01  1.861702e+01  2.048353e+01  1.966588e+01  1.907434e+01  1.949828e+01   2.82193684578   3.19712081067   3.52463544607   5.96725559235   0.57794928551  -6.44377899170   0.01916383230   0.06544712735   0.00463859875 4563.75244140625   0.65808061464 
 7.211738e+00  2.234121e+01  2.160965e+01  2.150412e+01  2.117326e+01  2.244709e+01  2.131669e+01  2.085318e+01  2.159009e+01   2.35167908669   3.65225395906   3.82075103771  11.41373825073  -2.03631830215  10.59622001648   0.09555810454   0.39221329923   0.14980931057 193.53225708008   0.51163730940 
 7.904855e+00  2.190870e+01  2.109422e+01  2.085777e+01  2.047350e+01  2.169131e+01  2.084725e+01  2.053914e+01  2.149583e+01   0.89552974701   1.63188497698   3.19001791038   1.64719462395 -10.76882266998  -3.70160460472   0.20602464559   0.32328964810   0.13699201219 239.18664550781  -0.54224988439 
 9.954151e+00  2.140157e+01  2.061093e+01  2.042809e+01  2.004344e+01  2.181799e+01  2.080436e+01  2.030083e+01  2.101772e+01   1.17245316505   2.08840511215   7.28904976602 -10.21713733673   2.90055990219  -5.53766918182   0.15212594620   0.28835391850   0.10213881728 150.97642517090  -0.54891441398 
 1.046407e+01  2.169399e+01  2.106648e+01  2.093454e+01  2.074602e+01  2.224657e+01  2.126829e+01  2.074800e+01  2.127459e+01   0.32693880796   2.34904009518   3.80565016531   7.12381124496  -5.92235279083   2.02912449837   0.21622325128   0.22445191720   0.09247925957 148.17016601562  -0.06341950802 
 9.389666e+00  2.093255e+01  2.038884e+01  2.016159e+01  2.020186e+01  2.145460e+01  2.056738e+01  2.006828e+01  2.087219e+01   2.67494463921   4.92314281056   0.60592110044  -2.05738782883   5.82904338837   5.74866676331   0.10651905590   0.32953849181   0.11557951190  86.02635955811   0.49987765026 
 7.567128e+00  2.314586e+01  2.251802e+01  2.238478e+01  2.191392e+01  2.386031e+01  2.282420e+01  2.234375e+01  2.183508e+01   1.00280714035   6.42433700614   5.08715816360   5.07465839386  -4.34846878052  -4.85373115540   0.15522632732   0.92724674009   0.64954059408  22.42756080627   0.50738927996 
 9.744102e+00  2.115730e+01  2.031722e+01  2.010352e+01  1.940070e+01  2.166776e+01  2.071026e+01  2.018003e+01  1.992056e+01   1.39921665192   1.10286636688   5.12696339211   7.59066009521   0.45602679253   3.46616029739   0.06250122143   0.17502868124   0.20904306803  31.86931610107   2.99582665353 
 1.086245e+01  2.047517e+01  1.983952e+01  1.961422e+01  1.895934e+01  2.157137e+01  2.054533e+01  1.998225e+01  2.027151e+01   1.25431108475   1.95209110772   1.86022996403   6.51034927368  -9.22659301758   0.01210451126   0.04962154172   0.17015273988   0.03124140793 224.23097229004   0.49297893845 
 9.678201e+00  2.167260e+01  2.086642e+01  2.071095e+01  2.012285e+01  2.119441e+01  2.066400e+01  2.043180e+01  2.079370e+01   1.90225362778   2.79089247533   2.99065508598   3.46404910088   0.49540042877  -2.79045867920   0.05004754965   0.21111026950   0.40753156423  43.02465820312   6.91150099164 
 1.026788e+01  2.197593e+01  2.117031e+01  2.098855e+01  2.060894e+01  2.276845e+01  2.177927e+01  2.116389e+01  2.141318e+01   2.02639985085   1.13203971537   2.34528884553  18.69458007812   1.49413585663  -3.55981826782   0.14616163536   0.34339835027   0.13368520144 145.42950439453  -0.14501973358 
 9.260182e+00  2.117835e+01  2.045895e+01  2.034649e+01  2.002007e+01  2.170108e+01  2.076140e+01  2.016350e+01  2.032870e+01   0.75866198540   3.35278315896   0.90422531115  15.92685222626   2.46668100357   2.40152478218   0.01548175992   0.14767061458   0.02182900574 742.51806640625   0.15230138442 
 9.650648e+00  2.272555e+01  2.200441e+01  2.183578e+01  2.122756e+01  2.275004e+01  2.192185e+01  2.150601e+01  2.221277e+01   1.20478177071   0.79323153965   3.30223444732 -10.27640819550  -8.09147739410  -1.81045055389   0.11005015556   0.60174221524   0.30614296087 136.97142028809  -0.31967973476 
 1.200047e+01  1.958422e+01  1.908014e+01  1.881763e+01  1.867254e+01  2.038991e+01  1.931084e+01  1.881560e+01  1.955260e+01   2.67359495163   6.69180018857   2.27161057982  -0.08097350597  -8.59198284149  -8.42586326599   0.01155677916   0.04650857614   0.00229472601 3436.91357421875  -0.16889701083 
 9.366635e+00  2.255813e+01  2.185694e+01  2.173850e+01  2.130135e+01  2.229237e+01  2.159627e+01  2.142442e+01  2.205096e+01   2.42004060745   1.87681725482   7.24660838253  -7.47738504410   5.59074497223  -2.16078042984   0.13390171688   0.50665499696   0.70798580521  30.70969772339   3.35770979891 
 1.285648e+01  2.224446e+01  2.169029e+01  2.174943e+01  2.122016e+01  2.269734e+01  2.129102e+01  2.084808e+01  2.205620e+01   2.65257811546   3.63010786045   2.29173321696  -0.95373630524  -9.85257434845  -2.76821613312   0.15327886225   0.58932693676   0.28940128152 152.68374633789  -0.09280545453 
 1.209394e+01  2.123189e+01  2.055746e+01  2.037650e+01  1.985240e+01  2.195965e+01  2.084425e+01  2.036503e+01  2.045267e+01   2.26823401451   0.76194400536   2.02470427544 -14.56276035309   3.30500602722  -9.02614974976   0.02186727789   0.17595465002   0.03099372426 564.22674560547  -0.17225025184 
 7.287780e+00  2.136421e+01  2.063692e+01  2.044255e+01  1.999112e+01  2.209516e+01  2.106765e+01  2.044862e+01  1.933420e+01   2.64084911346   0.73649002661   3.28964239751 -15.44859600067  -5.58139610291   1.30237340927   0.04834176092   0.18284622157   0.21489560870  25.36056137085   5.74768145249 
 1.575521e+01  2.139562e+01  2.062870e+01  2.031343e+01  2.010207e+01  2.216912e+01  2.124135e+01  2.086983e+01  2.093060e+01   1.18833494186   2.70171561076   2.02844522614 -18.24854469299  -1.41041457653  16.29393768311   0.06987640831   0.23089639941   0.05622531972 586.05023193359   0.57968057738 
 1.055947e+01  2.198448e+01  2.126953e+01  2.117515e+01  2.041203e+01  2.181333e+01  2.107507e+01  2.062052e+01  2.005309e+01   0.16343621910   0.17312255644   5.43211845989   8.73377704620  -4.01036977768  -8.62928104401   0.09307260948   0.30027762391   0.57563731545  47.79978179932   5.19947019983 
 1.000000e+30  0.000000e+00  0.000000e+00  0.000000e+00  0.000000e+00  0.000000e+00  0.000000e+00  0.000000e+00  0.000000e+00   0.00000000000   0.00000000000   0.00000000000   0.00000000000   0.00000000000   0.00000000000   0.00000000000   0.00000000000   0.00000000000   0.00000000000   0.00000000000 
 1.076765e+01  2.043696e+01  1.965676e+01  1.947838e+01  1.902420e+01  1.986193e+01  1.918529e+01  1.916175e+01  1.971448e+01   0.72374308109   4.47317299057   7.77255706490  -2.69091176987  -3.20266604424  -2.19108152390   0.02252470534   0.08384876562   0.38412445574  41.72915267944   0.40833924421 
 9.382071e+00  2.059016e+01  1.984528e+01  1.966276e+01  1.928650e+01  2.038776e+01  1.968661e+01  1.935239e+01  1.980486e+01   2.97969388962   2.57305634274   0.69946026968  -1.06951951981  -0.67952930927   1.30747318268   0.03643667104   0.11596532829   0.56836438711  23.33475303650   1.32086241396 
 1.132337e+01  2.185515e+01  2.106373e+01  2.092683e+01  2.037429e+01  2.196316e+01  2.119876e+01  2.079887e+01  2.136575e+01   1.35615706444   5.06970014397   0.94182338250   9.80555152893 -10.15927696228  -9.12122917175   0.23134586473   0.26487052688   0.16612964950 196.22248840332   3.97885629534 
 1.132880e+01  2.041888e+01  1.953595e+01  1.931903e+01  1.874607e+01  2.097255e+01  1.995864e+01  1.968595e+01  1.975929e+01   2.04468250275   1.83243330338   2.77104098128  -1.99199914932  -2.52245235443   5.41461086273   0.03550569943   0.10428630087   0.07727083770  35.53514862061   2.49432859878 
 9.508556e+00  2.267462e+01  2.197796e+01  2.188109e+01  2.163475e+01  2.345611e+01  2.240665e+01  2.196035e+01  2.085962e+01   1.39467799664   5.73672375135   5.68811798218   9.28322982788  -1.65669500828  -1.63649797440   0.06715560028   0.59105542325   0.29834581450  40.68078994751   0.35715715653 
 1.091437e+01  2.304519e+01  2.228961e+01  2.216694e+01  2.150681e+01  2.292299e+01  2.221661e+01  2.193905e+01  2.263780e+01   0.21937660873   7.48069999268   0.55052481664   5.51230192184   1.82798266411   0.83335757256   0.24109823909   0.77858285337   0.83664785624  23.18536949158   1.78954475850 
 1.000000e+30  0.000000e+00  0.000000e+00  0.000000e+00  0.000000e+00  0.000000e+00  0.000000e+00  0.000000e+00  0.000000e+00   0.00000000000   0.00000000000   0.00000000000   0.00000000000   0.00000000000   0.00000000000   0.00000000000   0.00000000000   0.00000000000   0.00000000000   0.00000000000 
 1.156886e+01  2.136394e+01  2.064111e+01  2.041556e+01  2.006220e+01  2.125762e+01  2.051868e+01  2.021190e+01  2.126925e+01   2.18229198456   2.82795556338   0.16385596519  -1.26367688179 -11.23689365387  -7.55172014236   0.06112832011   0.24525031603   0.17359091168 108.37806701660   5.44933117742 
 8.407704e+00  2.297466e+01  2.223536e+01  2.197680e+01  2.141822e+01  2.301265e+01  2.237655e+01  2.218141e+01  2.260974e+01   1.74773180485   3.99269807510   1.74107905495  10.48174381256  -6.15754222870   3.01984190941   0.21193480021   0.80719748677   0.63415151660  46.02227401733  -1.14531877889 
 8.805491e+00  2.205327e+01  2.138849e+01  2.127898e+01  2.084604e+01  2.174450e+01  2.076390e+01  2.045049e+01  2.142516e+01   0.48149859905   2.91811213833   7.63928124874   9.31117439270   2.00131416321   8.40017318726   0.04061805083   0.58187680482   0.26729508059  67.01567077637   0.40255555988 
 1.000000e+30  0.000000e+00  0.000000e+00  0.000000e+00  0.000000e+00  0.000000e+00  0.000000e+00  0.000000e+00  0.000000e+00   0.00000000000   0.00000000000   0.00000000000   0.00000000000   0.00000000000   0.00000000000   0.00000000000   0.00000000000   0.00000000000   0.00000000000   0.00000000000 
 1.022864e+01  2.128961e+01  2.068391e+01  2.049881e+01  2.018432e+01  2.215856e+01  2.111362e+01  2.044096e+01  2.111218e+01   1.27960240841   2.01706077424   1.83184083326  -2.89576244354  -9.25244998932  -2.40267515182   0.17548612933   0.27712719380   0.10415570382 129.47460937500   1.09417400330 
 1.533600e+01  2.115959e+01  2.050164e+01  2.038144e+01  1.973219e+01  2.129030e+01  2.042585e+01  2.016960e+01  2.086453e+01   1.57148873806  -0.08086880650   5.71692993139   9.66795158386   5.52262783051  -4.48030376434   0.06218926577   0.15321346995   0.03085711407 559.94671630859   5.32129471459 
 7.423482e+00  2.190813e+01  2.118306e+01  2.096890e+01  2.075287e+01  2.202638e+01  2.127976e+01  2.076639e+01  2.118909e+01   0.88289678097   1.64083606947   3.68944288148  11.72952651978  -3.05675697327   3.75480771065   0.18831056945   0.29622245306   0.11645549525 191.49401855469   0.68926646218 
 1.021509e+01  2.195912e+01  2.118034e+01  2.113405e+01  2.074046e+01  2.211637e+01  2.135232e+01  2.097555e+01  2.163908e+01   2.77281498909   6.77028188142   5.45554799409  -3.79469275475   4.26266670227   8.57505702972   0.17967006515   0.43628906179   0.21005746503  76.52786254883  -0.81980656631 
 1.271083e+01  2.254499e+01  2.185620e+01  2.156016e+01  2.156710e+01  2.268232e+01  2.191808e+01  2.167673e+01  2.227236e+01   0.75484752655   1.55383677602   0.28414756416  -2.65322685242  -1.15253865719   2.86697983742   0.35639558809   0.61361471327   0.49475379140  53.03378677368   5.52319107903 
 1.376953e+01  1.964863e+01  1.892484e+01  1.879263e+01  1.838214e+01  1.928825e+01  1.868655e+01  1.842775e+01  1.916007e+01   0.93865978718   3.58364876556   2.64239557002  -2.11006760597  -1.67745947838  -3.15086841583   0.01239564663   0.04223450857   0.91323907021  28.62860870361   4.73210452838 
 9.732837e+00  2.201332e+01  2.129812e+01  2.110740e+01  2.047555e+01  2.187549e+01  2.134648e+01  2.091130e+01  2.119971e+01   0.80344319344   4.72313246351   4.36471275912  -6.82877254486   4.54713726044  -5.92662239075   0.08532825899   0.33745976386   0.55972263142  42.04219436646   3.49431498255 
 8.130668e+00  2.169348e+01  2.104862e+01  2.086145e+01  2.067484e+01  2.227689e+01  2.131485e+01  2.070216e+01  2.111158e+01   2.15857458115   3.50446299950   4.33109101615  -5.11033868790   1.48593068123   8.97251510620   0.05135518509   0.22951524695   0.05479379568 461.35879516602   0.09514122986 
 1.000000e+30  2.219443e+01  2.161647e+01  2.155913e+01  2.124879e+01  2.285044e+01  2.187550e+01  2.138916e+01  2.171234e+01   2.04619932175   3.87103347485   4.00924229758   2.14191794395  -0.35581111908   3.79577636719   0.16238450907   0.40714023729   0.18431330349 182.81594848633  -0.07657821863 
 8.006370e+00  2.056429e+01  1.988727e+01  1.974125e+01  1.952247e+01  2.077821e+01  1.992611e+01  1.940473e+01  1.975168e+01   0.98110866547   3.03387300979   2.48957011247  -2.56346178055  -0.29101967812   2.54769086838   0.02276499971   0.07629968058   0.00632588561 4217.18457031250  -0.37192921694 
 9.363873e+00  2.228864e+01  2.155481e+01  2.135481e+01  2.050207e+01  2.328371e+01  2.227037e+01  2.162291e+01  2.189360e+01   0.09761990607   0.44306592336   2.50206610123  -9.35608100891   1.54781341553 -10.55599117279   0.17436550464   0.65492147718   0.43313945579  27.52890014648  -0.44530737993 
 9.018980e+00  2.192130e+01  2.124713e+01  2.108352e+01  2.049117e+01  2.166702e+01  2.069492e+01  2.048794e+01  2.100724e+01   1.83893907070   5.89949986064   5.90785511244  -3.27254247665  -5.98906469345   0.22893309593   0.09716514970   0.29742410527   0.09333524173 311.46420288086   0.13494982152 
 9.363756e+00  2.135944e+01  2.071464e+01  2.060917e+01  2.026085e+01  2.198497e+01  2.097292e+01  2.049844e+01  2.052036e+01   1.76826477051   0.96054246092   1.94821308744  25.47317695618   6.24649620056  -7.74372959137   0.00372563367   0.16500050596   0.02721269501 396.05593872070   0.47862623225 
 6.587458e+00  2.184523e+01  2.106713e+01  2.092139e+01  2.029871e+01  2.245601e+01  2.147688e+01  2.091863e+01  2.008758e+01   2.02995657921   4.81816062588   3.34501962826  -8.95457172394   0.42740106583   1.19851827621   0.06853471217   0.26201655208   0.54963273622  20.27285194397   4.80007006388 
 9.785042e+00  2.186110e+01  2.123289e+01  2.109682e+01  2.086627e+01  2.219274e+01  2.131649e+01  2.092734e+01  2.131504e+01   1.75318670273   0.15478452721   1.41276597057  -6.93181943893  -5.57839775085  -2.65775203705   0.07824892829   0.26256867747   0.07346287803 544.57470703125  -0.33067838757 
 8.624353e+00  2.200549e+01  2.139557e+01  2.130034e+01  2.093566e+01  2.292761e+01  2.193905e+01  2.126781e+01  2.137691e+01   1.06393492222   5.32102506953   1.32187526822   3.76223564148   6.90866470337  -9.09491920471   0.13015281107   0.41865562086   0.20700371827  51.15723419189   5.70083287030 
 8.694596e+00  2.134808e+01  2.071867e+01  2.058613e+01  2.041687e+01  2.147522e+01  2.067412e+01  2.013095e+01  2.058508e+01   1.89211988449   0.91420395729  -2.75171941467 -11.00817584991   5.24317836761   9.07955265045   0.02915443762   0.18060232433   0.03337771180 512.63421630859  -0.18707437138 
 8.404567e+00  2.164207e+01  2.104051e+01  2.098818e+01  2.060877e+01  2.285835e+01  2.178574e+01  2.119531e+01  2.088685e+01   0.50947600603  -0.50366696540   4.98339087972   4.47767829895  -8.65034008026  -6.83677101135   0.06268450930   0.34664992083   0.13396149655  65.52104187012   3.30211048549 
 1.000000e+30  2.198954e+01  2.123639e+01  2.100492e+01  2.054666e+01  2.266779e+01  2.156971e+01  2.090007e+01  2.000824e+01   1.59824228287   1.53688246834   4.72595699551  -3.28180265427  -4.18527984619  -8.60177326202   0.10103603421   0.37872077775   0.56916869041  18.34287452698   4.78739936759 
 9.680243e+00  2.231659e+01  2.161181e+01  2.141401e+01  2.103304e+01  2.278419e+01  2.188228e+01  2.138976e+01  2.154753e+01   0.55779868364   6.15575517123   1.94041566386  10.34896659851  -0.92664957047  -6.63051891327   0.01703960259   0.48528949787   0.19823564618 125.55220794678   0.41771855866 
 1.377065e+01  2.124569e+01  2.054165e+01  2.043094e+01  2.007001e+01  2.164255e+01  2.071023e+01  2.025274e+01  2.076111e+01   1.40824031830   5.82294875152   4.46954214493  -2.42386102676   1.56566500664  -0.01026868820   0.08370817114   0.17049560264   0.03578425340 885.06048583984  -0.21265368442 
 8.614576e+00  2.221498e+01  2.146389e+01  2.127046e+01  2.101540e+01  2.298483e+01  2.197629e+01  2.139676e+01  2.147602e+01   2.49236035347   3.64003042416   4.50366797436   5.45111083984   2.57531166077   8.23242187500   0.02054813760   0.41010199891   0.15607130728 110.06791687012  -0.03124541304 
 8.633760e+00  2.179371e+01  2.099810e+01  2.085682e+01  2.011963e+01  2.174638e+01  2.103934e+01  2.052521e+01  2.135181e+01   2.50523447990   1.32747452280   3.03664735785  -0.62874019146   0.14074921608   4.48787593842   0.18660774942   0.30763398114   0.12343722678 181.67982482910   0.81850477423 
 1.036876e+01  2.119954e+01  2.043442e+01  2.022817e+01  1.992163e+01  2.236528e+01  2.132805e+01  2.065191e+01  2.074764e+01   1.66484963894   2.01369976092   2.32499562044   1.28929257393   3.58159542084  11.32617187500   0.12335927723   0.31054005767   0.10371205241 106.69816589355  -0.50103482877 
 1.170624e+01  2.078173e+01  2.007573e+01  2.000016e+01  1.968737e+01  2.096149e+01  2.012886e+01  1.960102e+01  2.002672e+01   1.78568160534   3.77832800506   3.98211263395  -5.79412746429  -9.37615871429  -0.39069235325   0.08124741364   0.23832439942   0.99311083934  21.34956550598   3.79428537503 
 1.000000e+30  2.234121e+01  2.160965e+01  2.150412e+01  2.117326e+01  2.244709e+01  2.131669e+01  2.085318e+01  2.159009e+01   2.35167908669   3.65225395906   3.82075103771  11.41373825073  -2.03631830215  10.59622001648   0.09555810454   0.39221329923   0.14980931057 193.53225708008   0.51163730940 
 1.119052e+01  2.151408e+01  2.086178e+01  2.080271e+01  2.020601e+01  2.160599e+01  2.073104e+01  2.053223e+01  2.116405e+01   2.80100154877   4.18591973325   2.11848439314  -1.86031222343  -9.81371784210  -7.93559694290   0.06246697238   0.23848781265   0.24541391899  77.88504028320   4.31801697579 
 9.780318e+00  2.176627e+01  2.099962e+01  2.086443e+01  2.062459e+01  2.210906e+01  2.122135e+01  2.083860e+01  2.143321e+01   3.09078645706   3.04460862826   3.21729213373   3.47792983055   2.45459914207 -13.68170547485   0.22337553949   0.29548689140   0.12893532471 139.36701965332  -0.04397320375 
 1.131453e+01  1.782127e+01  1.720788e+01  1.698929e+01  1.682305e+01  1.872898e+01  1.768822e+01  1.721736e+01  1.754052e+01   1.93991684914   5.24498441349   2.92375483572   4.21507740021  -8.32165908813  -2.04275846481   0.00719559592   0.00801388466   0.00011599277 131925.56250000000  -1.01217883329 
 1.267164e+01  2.119533e+01  2.054044e+01  2.029149e+01  2.050340e+01  2.216288e+01  2.108053e+01  2.064051e+01  2.086170e+01   0.87361699343   1.59810107247   6.40842719857   8.73101711273 -10.04090881348  -3.87186241150   0.08459838945   0.26618707762   0.07370198616 199.91690063477  -0.15181763191 
 1.263287e+01  2.126395e+01  2.064916e+01  2.049328e+01  2.001405e+01  2.147883e+01  2.044584e+01  2.009068e+01  2.081483e+01   1.67843139172   0.29005138658   1.95917041408  11.19794368744  -5.02200222015 -10.45515537262   0.05264002702   0.15686981433   0.02715032276 2137.28491210938  -0.42325423466 
 1.000000e+30  2.115730e+01  2.031722e+01  2.010352e+01  1.940070e+01  2.166776e+01  2.071026e+01  2.018003e+01  1.992056e+01   1.39921665192   1.10286636688   5.12696339211   7.59066009521   0.45602679253   3.46616029739   0.06250122143   0.17502868124   0.20904306803  31.86931610107   2.99582665353 
 9.849500e+00  2.209292e+01  2.142252e+01  2.127370e+01  2.112306e+01  2.257121e+01  2.142987e+01  2.089109e+01  2.146303e+01   1.68487131596   4.08698246652  -0.17663698891   6.88974618912  -4.64025306702 -11.77684688568   0.13016196549   0.34480376113   0.12736283326 278.36398315430   0.06873489389 
 8.758267e+00  2.239995e+01  2.168987e+01  2.153285e+01  2.117868e+01  2.271122e+01  2.185860e+01  2.153245e+01  2.179854e+01   0.89721500874   6.70272980168   4.24992073734  -3.42093753815   2.39166259766   5.65217399597   0.09883993370   0.42661958229   0.18532805628 135.11898803711   0.17732321420 
 9.530494e+00  2.215995e+01  2.146260e+01  2.137648e+01  2.098181e+01  2.201890e+01  2.087553e+01  2.056484e+01  2.140540e+01   2.54988670349   7.13153360795   7.04976748846   0.89131712914  -1.11615002155   3.00851464272   0.11801305446   0.40500065209   0.15804908461 154.56816101074   0.31256502148 
 1.000000e+30  2.117835e+01  2.045895e+01  2.034649e+01  2.002007e+01  2.170108e+01  2.076140e+01  2.016350e+01  2.032870e+01   0.75866198540   3.35278315896   0.90422531115  15.92685222626   2.46668100357   2.40152478218   0.01548175992   0.14767061458   0.02182900574 742.51806640625   0.15230138442 
 1.011774e+01  1.948046e+01  1.886711e+01  1.867525e+01  1.846781e+01  2.036257e+01  1.932001e+01  1.874106e+01  1.909805e+01   0.73750764132   2.17164510404   4.66451349992  -6.68755102158  -8.03922843933  -4.35403347015   0.02383849015   0.06348033668   0.00459352700 2630.01782226562  -0.89861240593 
 9.782243e+00  2.261779e+01  2.198058e+01  2.174038e+01  2.154292e+01  2.303499e+01  2.211921e+01  2.168050e+01  2.188091e+01   1.32668519020   0.70266464544   2.44723696152  -3.03438544273  -5.53705263138   2.90958046913   0.13633669695   0.55723977972   0.29424901447 122.52912139893   0.88522550179 
 9.536476e+00  2.287865e+01  2.212398e+01  2.192144e+01  2.163304e+01  2.312589e+01  2.227142e+01  2.193355e+01  2.238590e+01   2.75640821457   3.73608922988   0.37889337164   1.49099826813  -6.70940017700   1.54765009880   0.23355541003   0.70964474634   0.84926361754  19.36763572693   4.86729707151 
 8.796073e+00  1.990159e+01  1.916756e+01  1.896742e+01  1.878348e+01  2.014694e+01  1.930619e+01  1.892670e+01  1.950497e+01   2.93989777565   3.10238158047   3.44918089353   4.06931495667   2.11339354515  -3.80375194550   0.04026682522   0.04959924345   0.00407401017 4228.90039062500   0.04236214659 
 8.224312e+00  2.169471e+01  2.103004e+01  2.088988e+01  2.057507e+01  2.264984e+01  2.169045e+01  2.111776e+01  2.130845e+01   0.60164433718   5.43350900449   3.54808707618   2.93079137802   2.88699150085  -4.38344287872   0.11919850744   0.38641129246   0.15171713722 102.46292114258  -0.75978000673 
 8.437099e+00  2.193301e+01  2.120919e+01  2.100348e+01  2.075961e+01  2.271358e+01  2.169526e+01  2.110087e+01  2.114808e+01   2.51123523712   3.60196665333   4.54515399042   8.74040794373   2.59793639183   1.65544271469   0.01446498497   0.31521399582   0.09516655608 176.63694763184  -0.15214078515 
 1.302072e+01  2.069807e+01  2.003940e+01  1.990204e+01  1.925973e+01  2.059752e+01  1.986765e+01  1.957225e+01  2.005899e+01   0.56415021420   5.11648243842   3.83541673294  -0.85016250610 -11.71613311768   0.54831624031   0.03473614044   0.10239429647   0.96773338412  21.41062164307   4.82319811992 
 1.314879e+01  2.078724e+01  1.992025e+01  1.976511e+01  1.893599e+01  2.126815e+01  2.033774e+01  1.997343e+01  2.004755e+01   2.41253161430   2.40988943537   2.62267421716  -0.55140733719  10.33097267151   2.30190038681   0.03517025981   0.10125176844   0.53248144325  24.28521537781   4.81036526208 
 8.895469e+00  2.211351e+01  2.134677e+01  2.124973e+01  2.080181e+01  2.200398e+01  2.116252e+01  2.078472e+01  2.159348e+01   1.10668921471   4.61567740892   3.06004655698  -3.79113245010  -7.55801105499   3.74466896057   0.25313357938   0.35608817918   0.17718226175 141.11300659180   1.08231589620 
 9.876520e+00  2.305752e+01  2.237751e+01  2.215114e+01  2.152358e+01  2.315911e+01  2.245307e+01  2.197449e+01  2.266442e+01   0.83501678705   3.60171610813   3.18579833969  14.88360595703  -7.83859062195   4.42177295685   0.21341540053   0.87849843859   0.81209366378  38.50999450684   2.08985557787 
 1.178165e+01  1.938524e+01  1.877217e+01  1.871382e+01  1.830637e+01  1.962766e+01  1.872610e+01  1.832169e+01  1.885804e+01   1.05523538589   2.83371473246   4.71906232112  19.67454910278  -9.53770351410  -2.41790342331   0.01404693164   0.03352668371   0.00132036347 15445.46777343750  -0.05608801394 
 1.000000e+30  2.185515e+01  2.106373e+01  2.092683e+01  2.037429e+01  2.196316e+01  2.119876e+01  2.079887e+01  2.136575e+01   1.35615706444   5.06970014397   0.94182338250   9.80555152893 -10.15927696228  -9.12122917175   0.23134586473   0.26487052688   0.16612964950 196.22248840332   3.97885629534 
 8.168628e+00  2.252196e+01  2.177219e+01  2.159290e+01  2.132696e+01  2.236137e+01  2.120020e+01  2.082557e+01  2.191236e+01   1.33154952526   2.43890792521   2.15886786051  -0.05516588688  -5.21513795853   0.20098328590   0.18155159756   0.56090247937   0.27645384643 123.94675445557   0.11208591766 
 1.122260e+01  2.200297e+01  2.118443e+01  2.098460e+01  2.032589e+01  2.185220e+01  2.105691e+01  2.087039e+01  2.153492e+01   1.24794614315   1.68669276980   3.08891543126   4.49244260788  -4.74983024597   4.80905294418   0.25045388271   0.35641722287   0.17261943573 178.32080078125  -0.54524905145 
 1.053225e+01  2.260821e+01  2.188922e+01  2.179375e+01  2.125803e+01  2.323057e+01  2.226076e+01  2.156725e+01  2.195762e+01   0.23729971051   5.81092183281   4.35870678991   2.28479385376   1.61143660545  -0.18662810326   0.19619492235   0.69389384773   0.49570226187  24.51566123962  -0.08690015058 
 1.024135e+01  2.015277e+01  1.937697e+01  1.919106e+01  1.892131e+01  2.061928e+01  1.956348e+01  1.906888e+01  1.971062e+01   0.48782521486   5.25723491289   6.40851857828  -1.57354652882  -3.82223081589  -7.01754999161   0.01239904575   0.07564735885   0.00587242671 1044.07580566406  -0.37311801942 
 7.787307e+00  2.253018e+01  2.189240e+01  2.177184e+01  2.159409e+01  2.275408e+01  2.187564e+01  2.143168e+01  2.158502e+01   2.97380304337   2.34123855202   5.90000769217   5.74474430084  -1.96744441986  -0.81149458885   0.13747014186   0.50365424532   0.33440505642  37.67588806152   2.18023947858 
 1.002351e+01  1.954505e+01  1.876791e+01  1.856792e+01  1.833235e+01  1.928484e+01  1.850046e+01  1.810254e+01  1.891564e+01   2.42826890945   4.55170374384   3.49950153039  -4.18216133118  -1.42325520515   9.12962722778   0.02314784931   0.03936102025   0.00208248058 10713.56738281250   0.55903523707 
 1.131361e+01  2.222194e+01  2.151902e+01  2.141926e+01  2.115297e+01  2.254760e+01  2.122776e+01  2.080752e+01  2.178482e+01   2.87042617798   6.36926200256   6.21009014892  -1.17603302002   4.71114063263  -8.98460674286   0.27786895154   0.40058611378   0.33698286240 100.99324035645   2.60666816128 
 1.101785e+01  1.932677e+01  1.856072e+01  1.833280e+01  1.817741e+01  2.005000e+01  1.912630e+01  1.867368e+01  1.875107e+01   2.89853858948   2.12375913738   3.36505725230   5.11121177673   1.60848736763  17.13609504700   0.02038879946   0.06594002472   0.00474637781 2966.80859375000  -0.28325553872 
 8.712427e+00  2.242740e+01  2.167307e+01  2.147557e+01  2.095078e+01  2.259548e+01  2.153365e+01  2.118450e+01  2.160417e+01   2.02282190323   1.25035809532   2.17236191050  -5.52594709396  -6.05184221268  -2.78802108765   0.12701151642   0.62996119216   0.30076030910 119.73292541504  -0.07810410161 
 1.000000e+30  2.115959e+01  2.050164e+01  2.038144e+01  1.973219e+01  2.129030e+01  2.042585e+01  2.016960e+01  2.086453e+01   1.57148873806  -0.08086880650   5.71692993139   9.66795158386   5.52262783051  -4.48030376434   0.06218926577   0.15321346995   0.03085711407 559.94671630859   5.32129471459 
 1.136714e+01  2.139266e+01  2.064904e+01  2.050743e+01  2.014642e+01  2.164980e+01  2.047635e+01  2.012233e+01  2.113311e+01   2.01023054123   1.29323830742   3.67048870627  -6.76670551300   1.27417802811  -3.00113797188   0.13343085989   0.29872432816   0.10228873940 163.39657592773   0.86836049691 
 1.054061e+01  2.180505e+01  2.112034e+01  2.086585e+01  2.010220e+01  2.310263e+01  2.203696e+01  2.139254e+01  2.128190e+01   0.35394904017   5.28088278468   4.80439524555   8.50203990936 -10.19073963165   0.51544189453   0.09900288036   0.58780031916   0.44618302888  19.39562225342   1.01484335847 
 1.054193e+01  2.243008e+01  2.175660e+01  2.164590e+01  2.119648e+01  2.286366e+01  2.196417e+01  2.160172e+01  2.175990e+01   0.93938493729   2.87942368977   5.96825785300   1.35185599327   3.52473139763   9.15866279602   0.09860576061   0.47987417813   0.23269951913  87.92602539062   1.00556688940 
 8.100685e+00  2.221440e+01  2.154036e+01  2.149842e+01  2.102730e+01  2.206220e+01  2.129261e+01  2.091181e+01  2.092808e+01   2.93883776665   1.12980203588   1.94236328766  15.31289100647   6.87498474121  -0.97389400005   0.11273577171   0.36135346563   0.61181405131  22.60036087036   5.77513319218 
 1.160638e+01  2.045117e+01  1.973536e+01  1.959693e+01  1.951311e+01  2.122864e+01  2.017413e+01  1.974855e+01  2.011186e+01   0.42377424240   5.25179632183   4.52177464017   8.72738742828   5.65145111084   0.71191668510   0.07409969982   0.12872990335   0.02186288818 213.62088012695   0.95501523810 
